11341,-4445,-14222,19045,20466,4258,4625,-16611,-5132,-153,5580,3890,12241,13398,2480,-2254
-10564,11929,3849,-2511,-981,-16461,-4152,-6681,19904,15657,-2743,-13249,-3860,1964,-2190,-12264
-13158,18684,5796,7690,6140,-1286,-2921,-8778,19203,3855,3029,231,3770,2981,5342,-14720
21154,-29356,1324,5883,9996,22965,-12977,19429,-8136,-15723,2615,5922,18504,21995,3465,9563
4911,-15608,-7314,7922,8501,15804,8384,5934,-20117,-2051,-1381,-544,11540,7637,-852,19318
662,-8631,-38388,32972,46065,16020,-13938,-26285,3952,36627,7660,9384,6112,-980,-3522,-2506
-15226,-759,-26229,12750,15204,-6786,-6278,-22083,22924,3245,-2730,-1856,-825,-7635,4451,-1964
17280,709,10418,-12924,-1438,-3912,-6381,6499,-7000,-5673,-758,109,730,12155,-2504,-17145
10845,9128,19088,-26601,-31546,-17344,11908,2990,-13421,-23284,-15788,3867,-5201,-13741,8464,-453
1843,21715,9240,6248,3044,-2209,2521,4532,22140,2927,5980,5419,-3005,-16021,1229,-2199
