22468,-9101,9811,-2262,-19065,6654,-11749,17422,8264,-6102,15679,632,3060,-1692,6922,-4721
-2979,-13476,-3827,17197,7925,8891,-2136,-3581,7576,9407,17465,2782,-10309,-431,1776,21017
-5167,6312,-11332,5240,16682,-7665,-18987,-24373,10063,12786,-2088,7035,-15514,-495,-5775,12621
-6033,9143,10557,-17413,12537,-11608,6459,-1099,5237,-14155,-14050,-15467,3082,3094,3486,-25365
20776,-5961,-7817,-10709,-2981,9273,1605,-915,8366,7030,-8304,-893,1071,5408,4641,6211
7952,-8039,-9645,-1743,-1786,-451,10684,1933,1338,210,-9146,5407,10942,8720,606,9853
-2492,-18580,-8522,3231,12859,16081,-14902,-24640,-3090,31565,15042,6665,7746,-1440,-2981,4844
1215,-656,-2645,5011,-5905,-989,23777,16552,-15015,425,20876,10725,742,12509,1268,11289
-3707,8333,-5204,4478,5297,-4632,2255,8117,-738,-1396,-12558,-13463,-8511,-501,-1178,-11984
11498,-10966,1553,13999,9124,27226,13947,-8191,-23458,2345,-10097,5381,-538,-5901,1424,6705
