3777,14584,647,-5579,-4307,443,1519,9996,-13111,-1203,1236,-2302,-1595,13508,-963,-5309
-9237,4575,7296,-5270,-6948,-3937,1905,10676,-2426,-17056,5518,3706,4846,-7012,868,7480
17094,15783,-3949,-8175,-4717,-1871,1776,4009,12173,-10503,11194,14023,4353,-13670,-2067,24024
15191,-9898,-333,8241,15084,4396,-1633,-731,3487,-19210,5447,15213,9835,-1966,-575,-9224
3616,8641,1049,-11363,4734,-853,-7387,-20285,532,9179,5440,-5177,-569,-16263,3839,-22367
5641,-3577,2152,7773,2229,14729,-6906,12134,-12883,-4846,-14740,-346,-8137,-10241,-6178,-4773
-7015,-5879,7710,7285,-5894,9978,8578,-754,-7076,-1919,-8282,-3298,-15773,3104,-12047,3804
-4593,9900,-1965,236,-3678,-8647,3254,2183,3599,-2239,19505,15545,-16227,5164,-6241,3077
-9535,-4397,-9157,9076,15960,478,-6613,-5539,6835,12070,10846,8816,16071,17128,1926,3601
4227,-1696,16875,-15568,-8072,4102,1251,103,9298,-8327,11228,11546,12647,5844,9219,12941
