-2011,-4895,4431,18729,1216,12016,-6977,-12455,1738,4956,-726,-7735,-13257,-5380,-8510,-4965
-4528,15419,15440,-15747,-17630,-15625,18355,3796,32994,-13116,384,10458,1163,12948,2753,11317
-12580,3415,-6793,9374,14409,-13001,-19767,-1779,1046,-9664,5311,7499,-12752,13252,9081,8891
7947,-15197,-6346,-3396,24160,6298,4271,-7599,7732,-8787,1746,10808,3074,12652,-1494,-11189
14777,5127,-4587,26376,3405,7121,17420,7740,-4388,-1512,-2796,-5061,2017,-8831,-7324,1045
10624,-8695,-4211,-7884,-842,12283,1012,-16821,-12452,10267,14278,368,-14557,-10661,-15417,-477
9353,-7655,10036,3345,-5946,4085,8802,477,-2969,-4465,-12298,-10005,-4977,7446,-2624,-13576
-2364,6789,3179,926,1077,1079,-3317,-17927,8091,8225,-4638,-9,4595,4459,465,4224
-12081,-13661,-8907,2622,14647,1758,-1747,-6090,12826,20397,-1442,-4764,15437,27156,4821,5805
-8790,-3003,-20177,722,21681,15330,-734,-26065,-9903,26585,18746,-8584,-16765,-9367,-7682,-1465
